2, 7897, 33, 77, 1149, 1038, 2, 1, 2\n0000000000000000000000000000000000000000000000000000000000000
0, 7898, Sus\n0000000000000000000000000000000000000000000000000000000000000000000000000000000000000
1, 7899, 6845, 8639, 16385, 17621, 12300, 14153\n00000000000000000000000000000000000000000000000000
1, 7900, 7206, 7306, 15058, 1405, 1509, 20357\n0000000000000000000000000000000000000000000000000000
0, 7901, Sus\n0000000000000000000000000000000000000000000000000000000000000000000000000000000000000
2, 7902, 33, 33, 1224, 1051, 1, 1, 1\n0000000000000000000000000000000000000000000000000000000000000
0, 7903, Sus\n0000000000000000000000000000000000000000000000000000000000000000000000000000000000000
2, 7905, 33, 20, 1481, 1465, 1, 3, 1\n0000000000000000000000000000000000000000000000000000000000000
2, 7906, 33, 67, 1266, 1462, 0, 2, 1\n0000000000000000000000000000000000000000000000000000000000000
2, 7907, 33, 63, 1307, 1058, 0, 3, 1\n0000000000000000000000000000000000000000000000000000000000000
2, 7908, 33, 69, 1143, 1385, 2, 0, 1\n0000000000000000000000000000000000000000000000000000000000000
3, Max and Min\n00000000000000000000000000000000000000000000000000000000000000000000000000000000000
3, Max and Min\n00000000000000000000000000000000000000000000000000000000000000000000000000000000000
4, 7911, 46, 167, 20\n00000000000000000000000000000000000000000000000000000000000000000000000000000
3, Max and Min\n00000000000000000000000000000000000000000000000000000000000000000000000000000000000
3, Max and Min\n00000000000000000000000000000000000000000000000000000000000000000000000000000000000
4, 7914, 85, 136, 26\n00000000000000000000000000000000000000000000000000000000000000000000000000000
3, Max and Min\n00000000000000000000000000000000000000000000000000000000000000000000000000000000000
2, 7916, 33, 64, 1211, 1447, 0, 3, 1\n0000000000000000000000000000000000000000000000000000000000000
4, 7917, 23, 103, 1\n000000000000000000000000000000000000000000000000000000000000000000000000000000